   0.0000000e+00   0.0000000e+00   1.8594251e-03   1.3877084e-05   3.5948342e-05   6.9409618e-04   1.9125432e-02   1.0095057e-02   1.9360008e-05   2.9804317e-03   7.3851829e-04   3.5725553e-04   7.1518024e-06   4.7202607e-02   1.8612561e-05   9.5568210e-06   1.8627639e-03   3.0726553e-04   1.1087234e-03   8.7810390e-04   9.3656247e-04   0.0000000e+00   4.7277315e-03   1.1935930e-04   0.0000000e+00   3.1075550e-04   3.7490346e-05   5.5234991e-04   3.3145137e-02   1.6036145e-02   1.7073593e-05   1.0675877e-04   3.2284952e-04   3.3574155e-03   0.0000000e+00   0.0000000e+00   0.0000000e+00   1.2360557e-05   0.0000000e+00   4.6938015e-06   0.0000000e+00   0.0000000e+00   0.0000000e+00   9.8684146e-07   3.1322139e-06   6.2498259e-06   0.0000000e+00   1.1255633e-06   1.9594047e-05   0.0000000e+00   0.0000000e+00   0.0000000e+00   0.0000000e+00   2.6312189e-06   0.0000000e+00   0.0000000e+00   0.0000000e+00   5.4693783e-06   0.0000000e+00   0.0000000e+00   0.0000000e+00   4.6613878e-06   6.9924523e-06   0.0000000e+00   0.0000000e+00   0.0000000e+00   0.0000000e+00   7.2115225e-05
   0.0000000e+00   0.0000000e+00   2.9230741e-05   2.3978579e-04   1.5130317e-04   1.4636188e-06   0.0000000e+00   0.0000000e+00   1.4858884e-02   0.0000000e+00   9.6205482e-05   1.5026279e-04   2.9694326e-03   0.0000000e+00   2.4518699e-05   2.1411738e-03   1.1671928e-04   0.0000000e+00   1.9191892e-05   7.8304854e-05   5.1094614e-06   3.4098978e-02   9.2621844e-06   7.9336320e-03   2.9965568e-02   1.5914032e-03   3.3161983e-02   9.8483422e-06   5.1981527e-06   0.0000000e+00   4.0079281e-05   2.6115144e-05   0.0000000e+00   1.2650699e-04   0.0000000e+00   7.4140515e-02   2.1872322e-05   5.4979652e-05   2.3440333e-05   7.0233844e-06   0.0000000e+00   3.4981302e-06   1.5155590e-03   0.0000000e+00   2.3954433e-05   6.7823752e-06   7.0618755e-04   0.0000000e+00   0.0000000e+00   1.7084437e-04   8.3726479e-06   0.0000000e+00   0.0000000e+00   3.5784577e-06   1.4928671e-06   8.0901533e-03   1.3601638e-05   6.7623656e-04   8.2807017e-03   6.1004208e-04   1.0461710e-02   1.8606254e-06   4.6952766e-06   1.5961182e-06   5.4525032e-06   6.0135907e-06   0.0000000e+00   1.5049677e-05
   1.8594251e-03   2.9230741e-05   0.0000000e+00   0.0000000e+00   0.0000000e+00   1.4855319e-05   1.2591691e-03   8.8040102e-04   0.0000000e+00   1.3161004e-04   7.9914742e-05   3.5925677e-05   0.0000000e+00   1.5325097e-03   1.3563644e-05   7.5825124e-05   3.2501693e-02   1.2695802e-04   1.9444304e-03   8.0000953e-06   8.3379496e-04   1.7375355e-05   4.5506892e-02   3.2189828e-05   1.7905552e-06   2.2148824e-02   2.7735843e-02   6.2604155e-04   5.3873714e-04   1.5714694e-03   0.0000000e+00   2.3330254e-06   1.7389021e-05   4.3956694e-03   0.0000000e+00   3.6764736e-05   2.7112365e-05   0.0000000e+00   0.0000000e+00   0.0000000e+00   0.0000000e+00   0.0000000e+00   0.0000000e+00   0.0000000e+00   0.0000000e+00   9.1402331e-07   0.0000000e+00   0.0000000e+00   1.7579759e-06   5.0139262e-06   1.4947147e-06   0.0000000e+00   1.0673703e-06   0.0000000e+00   1.0158947e-06   6.0639136e-06   9.2369225e-06   1.0439961e-06   0.0000000e+00   1.5808190e-05   2.8539719e-04   8.9285077e-07   0.0000000e+00   0.0000000e+00   0.0000000e+00   0.0000000e+00   0.0000000e+00   4.3878183e-06
   1.3877084e-05   2.3978579e-04   0.0000000e+00   0.0000000e+00   1.0251341e-03   6.7783356e-04   3.9232376e-04   1.0208116e-04   1.4881038e-02   6.1184533e-03   3.1957313e-04   1.3949036e-02   5.5937873e-05   1.1342349e-04   2.0401572e-03   6.4762578e-05   2.1813296e-06   3.4323916e-05   1.0458169e-04   5.7170535e-02   3.8619248e-06   2.4933402e-04   4.0921072e-06   4.3583539e-02   1.9626087e-04   1.2824871e-05   4.3567846e-05   1.1292366e-02   5.5120656e-04   1.0206629e-05   6.3508999e-06   4.5935114e-04   1.0786457e-04   5.1994840e-04   2.4206237e-05   5.0022395e-05   0.0000000e+00   1.7180569e-02   3.6470773e-05   1.6488524e-04   1.4210934e-04   4.7267955e-06   3.3895233e-03   3.7276330e-03   2.0361353e-05   4.3292695e-03   2.3367871e-06   5.8410603e-06   5.6718367e-05   7.6064137e-06   0.0000000e+00   6.3720340e-06   2.9135583e-05   1.2261846e-02   0.0000000e+00   6.4660549e-05   0.0000000e+00   4.8660723e-03   5.6549206e-05   4.1357600e-06   8.4136532e-06   3.7373113e-03   6.4769303e-05   5.9214519e-06   4.6690572e-06   3.6378112e-05   0.0000000e+00   1.3827624e-04
   3.5948342e-05   1.5130317e-04   0.0000000e+00   1.0251341e-03   0.0000000e+00   1.7050602e-02   1.0355839e-04   2.1420760e-03   1.8071930e-02   3.4244653e-04   1.7454796e-03   6.6873611e-03   4.3574774e-04   2.2849809e-04   6.1750119e-02   2.5346380e-05   3.6105515e-06   6.5340135e-05   3.4732970e-04   1.4409980e-03   0.0000000e+00   4.2684111e-04   1.7357952e-05   3.2218664e-03   2.8593094e-04   2.3875227e-04   7.9600667e-05   2.7864252e-04   4.4741566e-04   8.5215839e-06   2.2615044e-04   3.1831414e-02   5.9655743e-05   6.9105466e-04   0.0000000e+00   0.0000000e+00   0.0000000e+00   1.3247613e-04   2.6284707e-05   4.4566514e-05   3.2427104e-06   1.4978042e-06   4.5339079e-04   1.7531557e-05   9.5518262e-06   1.8949449e-04   5.8549243e-06   0.0000000e+00   1.2220185e-04   0.0000000e+00   0.0000000e+00   0.0000000e+00   0.0000000e+00   6.5221658e-05   5.4620931e-06   1.7115211e-04   0.0000000e+00   3.4898862e-05   0.0000000e+00   2.0193071e-06   1.4442206e-06   4.4851353e-06   4.1175814e-06   1.4200229e-06   0.0000000e+00   5.7832217e-06   0.0000000e+00   1.9936180e-05
   6.9409618e-04   1.4636188e-06   1.4855319e-05   6.7783356e-04   1.7050602e-02   0.0000000e+00   3.4287943e-03   7.1547891e-02   1.4312325e-03   3.6147431e-02   3.0881948e-03   4.8890624e-02   1.6951378e-04   5.0507007e-03   4.4932457e-02   1.3529456e-06   9.8026073e-05   8.6385519e-04   8.6699624e-04   4.1676524e-03   5.9030339e-06   3.9062689e-05   3.8679179e-05   6.5908262e-04   1.6379034e-05   5.9742132e-04   6.3783893e-05   1.0987418e-03   6.3912925e-03   3.1722599e-05   4.5987104e-05   8.8704218e-03   4.0383257e-05   3.1995936e-03   7.6415790e-05   5.3498537e-06   0.0000000e+00   1.0104811e-04   2.6829956e-05   6.4176710e-04   2.7001084e-05   8.7895009e-05   7.7162982e-05   8.7780679e-05   2.3417477e-04   8.2446390e-04   4.3894804e-05   9.8926573e-05   3.9334501e-04   8.6337620e-06   0.0000000e+00   4.9021683e-05   7.4596046e-06   1.4127043e-04   0.0000000e+00   1.7196757e-05   0.0000000e+00   1.4753829e-04   0.0000000e+00   6.0324201e-05   2.0306128e-05   7.3243725e-05   3.6183230e-04   2.0838365e-05   3.8595882e-06   2.5406737e-05   0.0000000e+00   7.7746506e-04
   1.9125432e-02   0.0000000e+00   1.2591691e-03   3.9232376e-04   1.0355839e-04   3.4287943e-03   0.0000000e+00   9.3835603e-03   6.4570741e-05   2.9617963e-02   2.4647490e-03   1.8194106e-04   6.4284484e-05   2.1758479e-02   1.1322646e-04   4.0941671e-05   8.7842555e-04   7.9036413e-04   1.9470979e-03   5.8755291e-04   2.0264289e-03   7.1387260e-06   3.2219823e-03   2.1126406e-03   8.3924768e-06   8.4653573e-04   1.0474716e-04   5.7552006e-02   1.1347652e-02   2.5413631e-02   2.6502628e-05   3.4277597e-04   9.1957306e-04   5.5383768e-03   3.7667011e-05   0.0000000e+00   0.0000000e+00   5.6333603e-05   0.0000000e+00   2.3144726e-05   2.5305535e-05   0.0000000e+00   8.1553609e-05   9.4035898e-05   1.9384312e-05   8.0048232e-05   1.8936543e-06   2.7081666e-06   1.7345649e-05   4.2348170e-05   0.0000000e+00   6.9007831e-06   1.9790810e-06   1.3947192e-04   0.0000000e+00   0.0000000e+00   0.0000000e+00   6.6093674e-04   0.0000000e+00   2.3351245e-06   3.7896317e-06   2.4796194e-04   1.6697562e-05   6.7436037e-06   0.0000000e+00   0.0000000e+00   0.0000000e+00   1.0387119e-04
   1.0095057e-02   0.0000000e+00   8.8040102e-04   1.0208116e-04   2.1420760e-03   7.1547891e-02   9.3835603e-03   0.0000000e+00   2.2787841e-04   2.2992739e-02   1.2353541e-03   4.9500047e-03   1.0376351e-04   5.9871116e-02   3.2397388e-03   3.9812540e-06   6.4913118e-04   2.5576702e-04   4.7973457e-04   1.4457616e-03   3.0775359e-04   4.4938586e-06   1.5035271e-03   1.8953270e-04   1.3975654e-06   3.5356325e-04   2.3438776e-05   7.8946174e-04   4.6209221e-03   1.4054919e-03   4.4119374e-05   8.2456033e-03   3.2679221e-05   2.0676613e-03   7.0730892e-06   0.0000000e+00   0.0000000e+00   7.4984148e-06   1.7439020e-05   1.8595788e-05   7.6301746e-06   1.4042533e-05   1.6674414e-05   5.5536488e-06   3.6619196e-06   9.7438342e-05   4.9559314e-06   8.8930761e-06   9.2752793e-06   0.0000000e+00   0.0000000e+00   0.0000000e+00   2.5555905e-06   8.7145406e-06   0.0000000e+00   9.2938012e-07   0.0000000e+00   2.2639044e-05   0.0000000e+00   1.2319423e-05   2.7196026e-06   1.1966473e-05   3.2052472e-05   0.0000000e+00   7.3537414e-06   0.0000000e+00   0.0000000e+00   1.8341498e-04
   1.9360008e-05   1.4858884e-02   0.0000000e+00   1.4881038e-02   1.8071930e-02   1.4312325e-03   6.4570741e-05   2.2787841e-04   0.0000000e+00   2.1128745e-04   2.0326380e-04   1.5085988e-02   2.0526305e-03   5.3070188e-05   1.0279606e-02   1.1419324e-03   1.2710240e-05   2.9128525e-05   1.1046935e-04   8.9617426e-03   9.2301583e-06   2.4540614e-02   1.2706085e-05   4.6323388e-02   1.2351604e-02   1.9125712e-04   3.6909820e-03   2.5059882e-03   3.1331591e-04   2.2564874e-05   6.3516096e-05   3.0712094e-03   4.3280518e-05   3.6527099e-04   1.7465408e-05   1.3228716e-03   0.0000000e+00   2.6726297e-03   4.1888654e-04   1.7255511e-04   1.4096216e-04   2.8654653e-05   6.9443022e-02   6.4701986e-04   2.7975014e-05   1.2802654e-03   1.1725934e-04   6.7786578e-06   2.9281577e-04   7.3102213e-04   3.0049251e-06   3.0155542e-06   1.5322076e-05   2.7845207e-03   1.4426536e-05   1.1999508e-02   1.3282205e-05   1.2895947e-02   5.2709017e-04   2.0586316e-05   2.0279133e-04   2.3725125e-03   1.1945279e-04   5.6649000e-05   3.1961089e-05   8.4549663e-05   4.0788799e-05   3.4076301e-04
   2.9804317e-03   0.0000000e+00   1.3161004e-04   6.1184533e-03   3.4244653e-04   3.6147431e-02   2.9617963e-02   2.2992739e-02   2.1128745e-04   0.0000000e+00   4.9418599e-03   1.5044694e-02   8.7448925e-05   1.3003017e-02   9.8203669e-04   1.9388800e-06   3.2352421e-04   1.5647781e-03   2.2169836e-03   1.6608543e-02   6.7590025e-05   5.9552735e-06   1.3935650e-04   1.8393456e-03   1.1577531e-06   8.8176724e-04   3.6239346e-05   1.1971429e-02   9.2005963e-03   2.5462226e-04   2.1403612e-05   5.5451981e-04   4.4792447e-04   1.0779773e-02   4.1155274e-05   0.0000000e+00   0.0000000e+00   1.8907533e-03   5.1843287e-06   3.2713385e-04   1.5388783e-04   5.5736429e-06   2.3402734e-04   5.1445966e-03   8.7002396e-05   1.7078594e-03   3.2202155e-06   4.9515278e-06   1.9546239e-05   0.0000000e+00   0.0000000e+00   1.5062624e-05   2.8610920e-05   4.9602790e-03   7.5326162e-07   2.4714791e-06   0.0000000e+00   2.3879819e-03   0.0000000e+00   1.9964542e-05   3.3127733e-06   1.6273968e-03   1.2030216e-04   2.5382610e-06   1.1640766e-06   3.6264267e-06   0.0000000e+00   3.6319186e-04
   7.3851829e-04   9.6205482e-05   7.9914742e-05   3.1957313e-04   1.7454796e-03   3.0881948e-03   2.4647490e-03   1.2353541e-03   2.0326380e-04   4.9418599e-03   0.0000000e+00   5.3471037e-03   1.9519040e-02   1.7563163e-03   4.8669678e-04   4.7418599e-05   1.4024743e-03   3.9266345e-02   1.0064040e-02   3.6247069e-03   5.1970388e-04   9.6545872e-05   3.7699687e-04   6.0733160e-04   1.1444137e-03   1.3232081e-02   4.0460066e-04   1.8162414e-03   1.6679538e-02   5.3613928e-04   3.3747699e-03   1.1444704e-02   6.2396562e-04   4.1846708e-02   9.6092509e-06   4.3268124e-05   0.0000000e+00   2.4560835e-05   3.2744586e-06   3.9053433e-05   5.2956002e-06   4.1413486e-05   5.2500807e-05   3.1509784e-05   1.1814572e-03   9.1817050e-05   1.1986490e-02   6.3533648e-06   1.7067636e-05   0.0000000e+00   0.0000000e+00   3.3382882e-05   6.0313926e-06   3.3094665e-05   9.9908683e-07   2.2223944e-06   2.1488215e-06   1.0036063e-04   1.0082257e-03   4.0265334e-04   5.9015115e-04   3.2985729e-05   6.9834670e-05   2.4313981e-06   1.1683190e-03   3.9682807e-05   0.0000000e+00   1.1061972e-04
   3.5725553e-04   1.5026279e-04   3.5925677e-05   1.3949036e-02   6.6873611e-03   4.8890624e-02   1.8194106e-04   4.9500047e-03   1.5085988e-02   1.5044694e-02   5.3471037e-03   0.0000000e+00   1.8856234e-04   4.3021643e-03   2.3145148e-02   4.0052736e-05   2.2246832e-04   1.9111339e-03   1.9012046e-03   4.7522252e-02   3.6727708e-06   3.0977472e-04   2.4731742e-05   6.8979544e-03   7.5247761e-05   4.7516927e-04   4.3694292e-05   9.1490974e-04   9.0415309e-03   6.7569086e-06   4.1777290e-05   1.8363979e-03   1.1116607e-04   7.4665038e-03   3.5937889e-05   1.7648263e-06   0.0000000e+00   2.3428108e-03   1.0128714e-04   5.7175681e-04   6.4542302e-05   8.6247579e-05   1.1760162e-03   1.2843797e-03   1.9700504e-04   9.6712908e-03   4.2856293e-05   7.0037834e-05   3.8416369e-04   0.0000000e+00   0.0000000e+00   7.8469669e-05   1.4973342e-05   5.8244558e-03   0.0000000e+00   6.3950902e-05   0.0000000e+00   1.1460058e-03   0.0000000e+00   5.0617472e-05   4.6412852e-06   5.1250726e-04   2.8472230e-04   6.4108317e-06   1.8449622e-05   8.6103268e-05   0.0000000e+00   7.1385957e-04
   7.1518024e-06   2.9694326e-03   0.0000000e+00   5.5937873e-05   4.3574774e-04   1.6951378e-04   6.4284484e-05   1.0376351e-04   2.0526305e-03   8.7448925e-05   1.9519040e-02   1.8856234e-04   0.0000000e+00   3.8999539e-05   4.0076677e-05   4.0685251e-05   0.0000000e+00   5.2113630e-06   0.0000000e+00   1.0601544e-04   1.7034359e-05   1.7588759e-03   9.9033294e-05   8.6546725e-04   4.4959773e-02   2.1214790e-03   6.7955218e-03   9.1026465e-05   3.0848056e-04   2.3097166e-05   2.3504580e-02   9.7037908e-04   2.6037119e-05   1.1691576e-03   2.1985367e-06   1.5226800e-03   0.0000000e+00   1.7062342e-06   1.1262357e-05   1.2097991e-05   2.6427147e-05   2.5124340e-06   1.1419755e-04   6.6179165e-06   4.3802211e-03   9.6704894e-06   7.6599234e-02   7.7445195e-06   1.5973770e-05   7.6774051e-06   0.0000000e+00   2.2139862e-06   8.6638491e-06   3.8717941e-06   5.9807565e-06   2.2951040e-04   0.0000000e+00   8.4074399e-05   1.4655406e-02   1.7123818e-03   3.4136930e-03   1.2367605e-05   3.7563458e-05   1.0165003e-05   9.3301020e-03   2.4183391e-04   0.0000000e+00   2.0481228e-04
   4.7202607e-02   0.0000000e+00   1.5325097e-03   1.1342349e-04   2.2849809e-04   5.0507007e-03   2.1758479e-02   5.9871116e-02   5.3070188e-05   1.3003017e-02   1.7563163e-03   4.3021643e-03   3.8999539e-05   0.0000000e+00   5.8323038e-04   1.0751301e-05   1.3617656e-03   3.5501481e-04   7.7254211e-04   2.1804018e-03   7.7231588e-04   3.2562391e-06   4.3034247e-03   3.5490428e-04   2.3177281e-06   2.5320749e-04   3.9249163e-05   9.4344392e-04   4.3339936e-02   8.9426081e-03   7.7705041e-06   3.5272743e-03   2.1861981e-04   4.3211594e-03   7.4331891e-06   0.0000000e+00   0.0000000e+00   1.1978447e-05   0.0000000e+00   3.3092445e-05   0.0000000e+00   6.5381720e-06   9.3147430e-06   4.0586830e-06   1.4339896e-05   9.7975376e-05   1.4891537e-05   4.1516059e-06   7.2838948e-05   0.0000000e+00   0.0000000e+00   7.2977990e-06   0.0000000e+00   2.0642833e-05   0.0000000e+00   0.0000000e+00   0.0000000e+00   8.7300400e-06   0.0000000e+00   5.3678807e-06   3.5817881e-06   8.6348627e-07   1.9565305e-05   0.0000000e+00   0.0000000e+00   4.4059579e-06   2.0400836e-06   5.4169744e-05
   1.8612561e-05   2.4518699e-05   1.3563644e-05   2.0401572e-03   6.1750119e-02   4.4932457e-02   1.1322646e-04   3.2397388e-03   1.0279606e-02   9.8203669e-04   4.8669678e-04   2.3145148e-02   4.0076677e-05   5.8323038e-04   0.0000000e+00   2.9290125e-06   4.5106609e-06   5.1202419e-05   2.7500967e-04   3.4158194e-03   1.3106126e-06   1.5244135e-04   1.9683929e-05   2.6240126e-03   6.5055815e-06   8.4257982e-05   2.5941306e-05   3.1235398e-04   1.3224214e-03   0.0000000e+00   8.6263435e-05   1.0040238e-02   0.0000000e+00   7.2189588e-04   0.0000000e+00   0.0000000e+00   0.0000000e+00   7.2597932e-05   7.0773646e-05   2.1968946e-04   5.1893274e-06   3.2611570e-05   2.0883356e-04   1.2481973e-05   2.3028812e-05   2.1420803e-04   0.0000000e+00   5.9936946e-06   2.3689916e-04   0.0000000e+00   0.0000000e+00   6.5568400e-05   0.0000000e+00   6.6627260e-05   4.6929774e-06   4.7305373e-05   3.6881928e-06   5.5858570e-05   0.0000000e+00   6.4423386e-06   2.9148740e-06   1.5150740e-05   6.9872354e-05   3.0072143e-06   0.0000000e+00   6.4356808e-05   0.0000000e+00   6.2947572e-05
   9.5568210e-06   2.1411738e-03   7.5825124e-05   6.4762578e-05   2.5346380e-05   1.3529456e-06   4.0941671e-05   3.9812540e-06   1.1419324e-03   1.9388800e-06   4.7418599e-05   4.0052736e-05   4.0685251e-05   1.0751301e-05   2.9290125e-06   0.0000000e+00   5.0804231e-06   2.2789276e-05   3.0154836e-05   0.0000000e+00   7.5345700e-03   6.8861999e-02   7.1702617e-03   2.0039628e-02   3.3454633e-04   9.8322003e-05   7.9848969e-03   3.6840010e-03   3.6679169e-05   1.0416025e-05   0.0000000e+00   0.0000000e+00   8.1610317e-05   2.8911871e-04   0.0000000e+00   1.8972353e-04   2.4489276e-06   5.5291088e-06   0.0000000e+00   0.0000000e+00   0.0000000e+00   0.0000000e+00   1.0262236e-03   0.0000000e+00   1.2158350e-06   3.7869706e-06   1.8979510e-06   0.0000000e+00   2.7242018e-06   3.9632946e-02   0.0000000e+00   2.2248624e-06   0.0000000e+00   0.0000000e+00   1.5686089e-03   1.2655058e-02   6.4437966e-03   3.2256072e-03   0.0000000e+00   9.8907134e-06   1.4576600e-03   9.5847833e-04   0.0000000e+00   1.3004984e-06   0.0000000e+00   0.0000000e+00   0.0000000e+00   2.4600642e-05
   1.8627639e-03   1.1671928e-04   3.2501693e-02   2.1813296e-06   3.6105515e-06   9.8026073e-05   8.7842555e-04   6.4913118e-04   1.2710240e-05   3.2352421e-04   1.4024743e-03   2.2246832e-04   0.0000000e+00   1.3617656e-03   4.5106609e-06   5.0804231e-06   0.0000000e+00   2.9009721e-03   4.7485545e-02   1.2392261e-04   1.2088381e-03   1.7427554e-06   2.5923272e-02   7.3578158e-05   0.0000000e+00   1.3235363e-02   2.2045071e-03   4.2510961e-04   4.7076983e-03   2.1762857e-03   0.0000000e+00   4.6615483e-06   9.8137781e-04   4.5745526e-02   0.0000000e+00   3.7999874e-05   1.3610901e-05   4.8995110e-06   0.0000000e+00   0.0000000e+00   0.0000000e+00   0.0000000e+00   4.1337004e-06   0.0000000e+00   0.0000000e+00   1.0057428e-05   0.0000000e+00   0.0000000e+00   0.0000000e+00   0.0000000e+00   9.1861950e-06   0.0000000e+00   2.9956084e-06   0.0000000e+00   0.0000000e+00   0.0000000e+00   1.8439949e-06   0.0000000e+00   0.0000000e+00   9.9630453e-06   1.6020958e-04   6.5792417e-07   0.0000000e+00   0.0000000e+00   0.0000000e+00   0.0000000e+00   0.0000000e+00   2.5249102e-05
   3.0726553e-04   0.0000000e+00   1.2695802e-04   3.4323916e-05   6.5340135e-05   8.6385519e-04   7.9036413e-04   2.5576702e-04   2.9128525e-05   1.5647781e-03   3.9266345e-02   1.9111339e-03   5.2113630e-06   3.5501481e-04   5.1202419e-05   2.2789276e-05   2.9009721e-03   0.0000000e+00   2.1584771e-02   1.2817505e-03   1.9270334e-04   3.1086988e-06   2.6429429e-04   1.5105140e-04   0.0000000e+00   7.3339059e-03   1.1998114e-04   7.4449896e-04   3.6220698e-03   2.3676095e-04   0.0000000e+00   4.6962108e-04   8.9706529e-04   6.7278748e-03   1.5458937e-05   0.0000000e+00   0.0000000e+00   7.5988183e-06   0.0000000e+00   3.3990377e-05   0.0000000e+00   3.2520198e-05   1.3540645e-05   1.1584935e-06   5.2664660e-05   4.1426766e-05   6.9734868e-05   2.6853351e-06   4.8503192e-06   0.0000000e+00   0.0000000e+00   0.0000000e+00   0.0000000e+00   7.4218220e-06   0.0000000e+00   0.0000000e+00   0.0000000e+00   1.1881323e-05   1.0630382e-05   3.5077926e-05   3.7079824e-05   7.3109569e-06   1.1981742e-05   0.0000000e+00   5.9009583e-06   0.0000000e+00   0.0000000e+00   3.1066813e-05
   1.1087234e-03   1.9191892e-05   1.9444304e-03   1.0458169e-04   3.4732970e-04   8.6699624e-04   1.9470979e-03   4.7973457e-04   1.1046935e-04   2.2169836e-03   1.0064040e-02   1.9012046e-03   0.0000000e+00   7.7254211e-04   2.7500967e-04   3.0154836e-05   4.7485545e-02   2.1584771e-02   0.0000000e+00   1.5573529e-03   9.2312110e-04   6.3417735e-06   1.0186943e-03   4.3617077e-04   3.0193237e-06   2.0177198e-02   4.8907353e-04   1.6441210e-03   5.6901509e-03   9.4501413e-04   0.0000000e+00   3.8450346e-04   2.0420803e-03   3.9001321e-02   0.0000000e+00   5.3781529e-05   1.2984011e-06   2.4539034e-06   5.7193187e-06   0.0000000e+00   8.3368348e-07   3.6475918e-05   1.2044801e-05   1.2029178e-06   1.5418099e-05   9.8274488e-06   1.5329295e-05   2.2547155e-06   3.3240261e-06   1.0809035e-05   1.4719433e-06   0.0000000e+00   7.8790851e-05   6.7596799e-06   1.3562375e-06   0.0000000e+00   9.1772293e-06   1.9623143e-05   6.5341540e-06   2.4269799e-04   4.2164467e-04   1.7766865e-05   2.1873162e-06   1.3836885e-05   3.8606163e-06   0.0000000e+00   0.0000000e+00   1.0519263e-04
   8.7810390e-04   7.8304854e-05   8.0000953e-06   5.7170535e-02   1.4409980e-03   4.1676524e-03   5.8755291e-04   1.4457616e-03   8.9617426e-03   1.6608543e-02   3.6247069e-03   4.7522252e-02   1.0601544e-04   2.1804018e-03   3.4158194e-03   0.0000000e+00   1.2392261e-04   1.2817505e-03   1.5573529e-03   0.0000000e+00   4.5740109e-06   3.3599958e-05   1.2792141e-05   1.0427626e-02   9.1001801e-05   3.8193761e-04   5.3572902e-05   4.3737407e-03   4.9283367e-03   5.1370226e-06   7.3399218e-05   6.3427226e-04   2.6473231e-04   8.8387866e-03   1.0431186e-04   0.0000000e+00   0.0000000e+00   8.5348184e-03   7.8412646e-05   4.3033752e-04   2.6009824e-04   4.6851745e-05   2.6790703e-03   8.9317878e-03   2.8045275e-04   9.2498099e-03   3.3280075e-05   1.4859484e-05   1.9425485e-04   0.0000000e+00   2.1294084e-06   1.1565333e-04   7.8159382e-05   2.4025685e-02   0.0000000e+00   4.0664292e-06   0.0000000e+00   5.4438280e-03   1.0924186e-05   2.0791412e-05   9.4686662e-06   4.1585443e-03   3.5281945e-04   0.0000000e+00   4.4758350e-06   1.5956587e-05   0.0000000e+00   6.4174168e-04
   9.3656247e-04   5.1094614e-06   8.3379496e-04   3.8619248e-06   0.0000000e+00   5.9030339e-06   2.0264289e-03   3.0775359e-04   9.2301583e-06   6.7590025e-05   5.1970388e-04   3.6727708e-06   1.7034359e-05   7.7231588e-04   1.3106126e-06   7.5345700e-03   1.2088381e-03   1.9270334e-04   9.2312110e-04   4.5740109e-06   0.0000000e+00   7.8154301e-04   5.7019939e-02   1.4030015e-03   3.1484210e-06   4.7373338e-04   1.3700213e-04   2.0103042e-02   6.6016062e-03   5.6546861e-02   3.6849116e-06   6.8885890e-06   5.5034319e-03   1.8310299e-02   0.0000000e+00   0.0000000e+00   0.0000000e+00   4.8397908e-06   0.0000000e+00   0.0000000e+00   0.0000000e+00   0.0000000e+00   6.1198354e-05   0.0000000e+00   0.0000000e+00   0.0000000e+00   1.5046463e-06   0.0000000e+00   1.3905924e-06   1.7135026e-03   0.0000000e+00   0.0000000e+00   1.1885151e-06   0.0000000e+00   2.9480107e-04   2.9147187e-04   1.6594014e-04   3.1899528e-04   1.5274825e-06   1.7059664e-06   1.0380314e-05   2.1308120e-04   0.0000000e+00   0.0000000e+00   0.0000000e+00   0.0000000e+00   0.0000000e+00   0.0000000e+00
   0.0000000e+00   3.4098978e-02   1.7375355e-05   2.4933402e-04   4.2684111e-04   3.9062689e-05   7.1387260e-06   4.4938586e-06   2.4540614e-02   5.9552735e-06   9.6545872e-05   3.0977472e-04   1.7588759e-03   3.2562391e-06   1.5244135e-04   6.8861999e-02   1.7427554e-06   3.1086988e-06   6.3417735e-06   3.3599958e-05   7.8154301e-04   0.0000000e+00   1.5554100e-03   2.4508638e-02   1.2631205e-02   1.6492191e-04   2.2335036e-02   8.8888040e-04   3.4041221e-05   2.4391984e-06   2.9020332e-06   6.7922289e-05   3.0993913e-06   1.2712650e-04   0.0000000e+00   8.2399315e-03   1.5961182e-06   8.0934998e-05   3.2912007e-05   2.5752412e-06   0.0000000e+00   0.0000000e+00   1.1750469e-02   0.0000000e+00   3.5065610e-05   6.0340630e-05   7.3320665e-05   0.0000000e+00   3.1020449e-06   1.5265844e-02   0.0000000e+00   0.0000000e+00   0.0000000e+00   3.3756708e-05   3.2713593e-04   7.0787768e-02   1.4004661e-03   5.2017516e-03   1.0530878e-03   2.4616652e-06   3.6740963e-03   4.2029002e-04   0.0000000e+00   1.2423070e-06   3.3347339e-06   3.0954194e-06   0.0000000e+00   3.4179356e-05
   4.7277315e-03   9.2621844e-06   4.5506892e-02   4.0921072e-06   1.7357952e-05   3.8679179e-05   3.2219823e-03   1.5035271e-03   1.2706085e-05   1.3935650e-04   3.7699687e-04   2.4731742e-05   9.9033294e-05   4.3034247e-03   1.9683929e-05   7.1702617e-03   2.5923272e-02   2.6429429e-04   1.0186943e-03   1.2792141e-05   5.7019939e-02   1.5554100e-03   0.0000000e+00   2.0402655e-04   3.3510262e-06   2.0436786e-03   8.9776087e-03   2.3915403e-03   5.7505482e-03   1.3359138e-02   8.8541350e-06   0.0000000e+00   1.2544987e-03   2.3574055e-02   0.0000000e+00   0.0000000e+00   1.4346557e-05   0.0000000e+00   0.0000000e+00   1.2569253e-06   1.0641570e-06   0.0000000e+00   1.9179063e-05   0.0000000e+00   7.0020068e-07   6.9851328e-07   2.0288698e-05   0.0000000e+00   4.6254431e-06   5.2117091e-03   7.7237016e-07   0.0000000e+00   9.7266803e-07   0.0000000e+00   1.6066202e-04   8.1245780e-04   2.4344607e-03   1.3175940e-04   1.0354925e-06   6.9138664e-06   7.2383518e-04   2.8004500e-05   0.0000000e+00   6.3314782e-07   1.1141416e-05   8.8209091e-07   0.0000000e+00   5.8491180e-06
   1.1935930e-04   7.9336320e-03   3.2189828e-05   4.3583539e-02   3.2218664e-03   6.5908262e-04   2.1126406e-03   1.8953270e-04   4.6323388e-02   1.8393456e-03   6.0733160e-04   6.8979544e-03   8.6546725e-04   3.5490428e-04   2.6240126e-03   2.0039628e-02   7.3578158e-05   1.5105140e-04   4.3617077e-04   1.0427626e-02   1.4030015e-03   2.4508638e-02   2.0402655e-04   0.0000000e+00   4.1271291e-03   3.1877054e-04   4.1947271e-03   2.9202988e-02   1.4113585e-03   1.2329597e-04   1.4205580e-05   5.5890810e-04   3.2429815e-04   1.4354222e-03   1.3449473e-04   5.4689870e-04   0.0000000e+00   5.2131205e-03   9.2682119e-05   2.3172695e-04   5.5857774e-04   2.7957106e-05   1.2186618e-02   2.3759555e-03   3.4913234e-04   2.3072053e-03   1.0869272e-04   4.7120329e-05   1.2356475e-04   4.7604932e-03   4.0123502e-06   3.9874520e-05   4.8325874e-05   3.6357424e-03   3.9908341e-04   5.5804647e-03   1.3132616e-04   3.5805616e-02   3.2798707e-04   4.2522001e-05   2.9955111e-04   7.4391662e-03   3.0512761e-04   1.3012804e-04   1.4616729e-05   3.3575179e-05   2.9213367e-05   1.0837889e-03
   0.0000000e+00   2.9965568e-02   1.7905552e-06   1.9626087e-04   2.8593094e-04   1.6379034e-05   8.3924768e-06   1.3975654e-06   1.2351604e-02   1.1577531e-06   1.1444137e-03   7.5247761e-05   4.4959773e-02   2.3177281e-06   6.5055815e-06   3.3454633e-04   0.0000000e+00   0.0000000e+00   3.0193237e-06   9.1001801e-05   3.1484210e-06   1.2631205e-02   3.3510262e-06   4.1271291e-03   0.0000000e+00   1.0652206e-03   1.6842081e-02   1.9187359e-05   2.4861531e-05   1.4349261e-06   2.6633774e-03   1.3371153e-04   0.0000000e+00   9.9878036e-05   0.0000000e+00   2.0626922e-02   0.0000000e+00   1.0775640e-05   4.5431830e-06   1.5667842e-06   5.9559488e-06   9.1607799e-06   1.5380398e-03   0.0000000e+00   4.2796135e-04   2.1670424e-05   1.2825684e-02   0.0000000e+00   3.2953055e-06   3.0972950e-05   0.0000000e+00   0.0000000e+00   0.0000000e+00   2.2539275e-06   0.0000000e+00   2.3260985e-03   0.0000000e+00   4.7817343e-04   5.5676624e-02   4.4420428e-04   4.1897454e-03   1.1685820e-06   1.6398366e-05   0.0000000e+00   1.4565480e-03   8.0963116e-05   0.0000000e+00   1.3461084e-05
   3.1075550e-04   1.5914032e-03   2.2148824e-02   1.2824871e-05   2.3875227e-04   5.9742132e-04   8.4653573e-04   3.5356325e-04   1.9125712e-04   8.8176724e-04   1.3232081e-02   4.7516927e-04   2.1214790e-03   2.5320749e-04   8.4257982e-05   9.8322003e-05   1.3235363e-02   7.3339059e-03   2.0177198e-02   3.8193761e-04   4.7373338e-04   1.6492191e-04   2.0436786e-03   3.1877054e-04   1.0652206e-03   0.0000000e+00   2.2634031e-02   8.3955726e-04   1.4119599e-03   5.9129105e-04   3.3376166e-03   2.8491286e-04   3.5358083e-04   5.8495085e-03   0.0000000e+00   1.7498306e-03   9.6187833e-06   0.0000000e+00   1.9992865e-06   3.8752130e-06   3.1389887e-06   9.9580635e-06   3.9015146e-05   7.1421021e-07   3.3562842e-04   1.1370741e-05   8.2242767e-03   0.0000000e+00   6.0439505e-06   1.0533681e-05   3.4802177e-05   5.8254205e-06   9.6196616e-05   0.0000000e+00   0.0000000e+00   2.7100938e-05   6.9033741e-06   2.1161843e-05   2.3090873e-03   7.5000824e-03   1.6433713e-02   1.3282198e-05   3.1075136e-06   7.9859707e-06   2.2211278e-03   9.4637284e-07   0.0000000e+00   5.0258889e-05
   3.7490346e-05   3.3161983e-02   2.7735843e-02   4.3567846e-05   7.9600667e-05   6.3783893e-05   1.0474716e-04   2.3438776e-05   3.6909820e-03   3.6239346e-05   4.0460066e-04   4.3694292e-05   6.7955218e-03   3.9249163e-05   2.5941306e-05   7.9848969e-03   2.2045071e-03   1.1998114e-04   4.8907353e-04   5.3572902e-05   1.3700213e-04   2.2335036e-02   8.9776087e-03   4.1947271e-03   1.6842081e-02   2.2634031e-02   0.0000000e+00   1.9207799e-04   3.2131661e-04   6.7444567e-05   1.1013197e-03   3.1831978e-05   3.8493122e-05   5.2424277e-03   0.0000000e+00   1.0124869e-02   1.0598114e-04   8.5946473e-06   6.3193310e-07   1.0566264e-06   7.9740047e-07   4.1231163e-07   2.2516743e-04   4.8448063e-07   1.9398428e-04   3.8417178e-06   3.6379438e-03   1.4181423e-06   0.0000000e+00   3.6066042e-03   6.8283634e-05   5.3660966e-07   2.1539743e-05   0.0000000e+00   3.9037290e-06   5.1492951e-03   1.0352114e-03   3.5685982e-04   3.5538778e-03   6.7674971e-03   5.2566038e-02   8.9456672e-06   1.7086362e-05   6.8701556e-06   6.8578590e-04   0.0000000e+00   0.0000000e+00   1.7051634e-04
   5.5234991e-04   9.8483422e-06   6.2604155e-04   1.1292366e-02   2.7864252e-04   1.0987418e-03   5.7552006e-02   7.8946174e-04   2.5059882e-03   1.1971429e-02   1.8162414e-03   9.1490974e-04   9.1026465e-05   9.4344392e-04   3.1235398e-04   3.6840010e-03   4.2510961e-04   7.4449896e-04   1.6441210e-03   4.3737407e-03   2.0103042e-02   8.8888040e-04   2.3915403e-03   2.9202988e-02   1.9187359e-05   8.3955726e-04   1.9207799e-04   0.0000000e+00   4.4045399e-03   1.7260022e-02   1.6809670e-05   3.6682366e-04   8.0539657e-04   5.3134775e-03   2.3884716e-05   1.7358670e-06   4.0166635e-06   2.2688376e-03   3.7107484e-06   1.0700704e-04   1.6475771e-04   3.2793469e-06   1.7162342e-03   2.9844324e-03   1.0956197e-05   5.3758844e-04   1.0378885e-05   8.8666806e-06   3.7145844e-05   1.4131548e-03   0.0000000e+00   8.3534922e-06   6.7124814e-06   3.1766413e-03   2.0487835e-04   4.4707077e-04   6.3442929e-05   7.9233893e-03   0.0000000e+00   2.0610610e-05   1.6693663e-05   4.6592525e-03   4.9952053e-05   1.2228782e-05   9.3117153e-07   4.3617521e-06   0.0000000e+00   1.8424584e-04
   3.3145137e-02   5.1981527e-06   5.3873714e-04   5.5120656e-04   4.4741566e-04   6.3912925e-03   1.1347652e-02   4.6209221e-03   3.1331591e-04   9.2005963e-03   1.6679538e-02   9.0415309e-03   3.0848056e-04   4.3339936e-02   1.3224214e-03   3.6679169e-05   4.7076983e-03   3.6220698e-03   5.6901509e-03   4.9283367e-03   6.6016062e-03   3.4041221e-05   5.7505482e-03   1.4113585e-03   2.4861531e-05   1.4119599e-03   3.2131661e-04   4.4045399e-03   0.0000000e+00   3.3246165e-02   7.8085040e-05   3.5154119e-03   2.1413478e-02   4.8872518e-02   2.7242976e-05   0.0000000e+00   0.0000000e+00   5.9263686e-05   1.5021043e-05   1.7787899e-04   5.3800424e-06   1.0394917e-04   1.1742854e-04   6.5386175e-05   1.7005631e-04   2.6190585e-04   1.9021235e-05   2.6345957e-05   2.5679859e-04   1.5518798e-05   3.0983750e-06   1.5567032e-05   1.3793274e-05   1.3782844e-04   4.0035231e-06   0.0000000e+00   0.0000000e+00   2.6561163e-04   3.4402802e-06   1.9314949e-05   2.3604052e-05   1.1870733e-04   2.3044092e-04   6.1786730e-06   1.4788524e-06   1.0743567e-05   0.0000000e+00   8.7002832e-04
   1.6036145e-02   0.0000000e+00   1.5714694e-03   1.0206629e-05   8.5215839e-06   3.1722599e-05   2.5413631e-02   1.4054919e-03   2.2564874e-05   2.5462226e-04   5.3613928e-04   6.7569086e-06   2.3097166e-05   8.9426081e-03   0.0000000e+00   1.0416025e-05   2.1762857e-03   2.3676095e-04   9.4501413e-04   5.1370226e-06   5.6546861e-02   2.4391984e-06   1.3359138e-02   1.2329597e-04   1.4349261e-06   5.9129105e-04   6.7444567e-05   1.7260022e-02   3.3246165e-02   0.0000000e+00   2.6297605e-06   7.3360007e-06   1.0759706e-02   1.2181259e-02   0.0000000e+00   0.0000000e+00   0.0000000e+00   2.4436972e-06   0.0000000e+00   8.4269994e-07   0.0000000e+00   3.6607107e-06   1.1489116e-05   0.0000000e+00   0.0000000e+00   8.9816272e-07   2.2067059e-06   8.1273854e-07   0.0000000e+00   7.2113503e-06   0.0000000e+00   0.0000000e+00   0.0000000e+00   0.0000000e+00   7.3443008e-06   1.5603714e-05   1.7952870e-06   3.3437689e-05   0.0000000e+00   6.0893923e-07   6.5111781e-06   1.1071173e-05   7.8742722e-06   4.6811220e-06   0.0000000e+00   0.0000000e+00   0.0000000e+00   1.2310273e-05
   1.7073593e-05   4.0079281e-05   0.0000000e+00   6.3508999e-06   2.2615044e-04   4.5987104e-05   2.6502628e-05   4.4119374e-05   6.3516096e-05   2.1403612e-05   3.3747699e-03   4.1777290e-05   2.3504580e-02   7.7705041e-06   8.6263435e-05   0.0000000e+00   0.0000000e+00   0.0000000e+00   0.0000000e+00   7.3399218e-05   3.6849116e-06   2.9020332e-06   8.8541350e-06   1.4205580e-05   2.6633774e-03   3.3376166e-03   1.1013197e-03   1.6809670e-05   7.8085040e-05   2.6297605e-06   0.0000000e+00   3.9210618e-04   3.3967391e-05   1.3675295e-04   0.0000000e+00   1.5077109e-04   0.0000000e+00   0.0000000e+00   0.0000000e+00   5.2345607e-06   0.0000000e+00   0.0000000e+00   1.8403362e-05   3.2488543e-06   8.1054659e-04   0.0000000e+00   1.7253829e-02   2.8322755e-06   0.0000000e+00   0.0000000e+00   0.0000000e+00   0.0000000e+00   6.5936095e-06   2.2092612e-05   0.0000000e+00   0.0000000e+00   0.0000000e+00   0.0000000e+00   4.7471737e-03   1.0103046e-03   1.2528299e-03   2.5950287e-06   3.6709102e-06   0.0000000e+00   1.2914474e-02   4.6650494e-05   0.0000000e+00   1.4902445e-05
   1.0675877e-04   2.6115144e-05   2.3330254e-06   4.5935114e-04   3.1831414e-02   8.8704218e-03   3.4277597e-04   8.2456033e-03   3.0712094e-03   5.5451981e-04   1.1444704e-02   1.8363979e-03   9.7037908e-04   3.5272743e-03   1.0040238e-02   0.0000000e+00   4.6615483e-06   4.6962108e-04   3.8450346e-04   6.3427226e-04   6.8885890e-06   6.7922289e-05   0.0000000e+00   5.5890810e-04   1.3371153e-04   2.8491286e-04   3.1831978e-05   3.6682366e-04   3.5154119e-03   7.3360007e-06   3.9210618e-04   0.0000000e+00   4.3000193e-05   9.2522887e-03   0.0000000e+00   0.0000000e+00   0.0000000e+00   2.0142646e-05   1.8267740e-05   1.8897623e-05   1.1912505e-06   1.5848861e-05   1.2790638e-04   2.7870680e-06   2.5988007e-05   8.4568159e-05   1.8109101e-04   1.5737003e-05   2.3654572e-05   0.0000000e+00   0.0000000e+00   0.0000000e+00   0.0000000e+00   5.2713768e-05   0.0000000e+00   1.1811535e-05   1.0740146e-06   1.5987016e-05   9.9265436e-05   1.9219871e-05   1.1462410e-05   1.4312417e-06   1.8477269e-05   0.0000000e+00   0.0000000e+00   4.0729208e-05   4.7862462e-05   3.3196535e-05
   3.2284952e-04   0.0000000e+00   1.7389021e-05   1.0786457e-04   5.9655743e-05   4.0383257e-05   9.1957306e-04   3.2679221e-05   4.3280518e-05   4.4792447e-04   6.2396562e-04   1.1116607e-04   2.6037119e-05   2.1861981e-04   0.0000000e+00   8.1610317e-05   9.8137781e-04   8.9706529e-04   2.0420803e-03   2.6473231e-04   5.5034319e-03   3.0993913e-06   1.2544987e-03   3.2429815e-04   0.0000000e+00   3.5358083e-04   3.8493122e-05   8.0539657e-04   2.1413478e-02   1.0759706e-02   3.3967391e-05   4.3000193e-05   0.0000000e+00   2.2260375e-02   0.0000000e+00   0.0000000e+00   0.0000000e+00   0.0000000e+00   0.0000000e+00   0.0000000e+00   0.0000000e+00   0.0000000e+00   1.2133736e-05   0.0000000e+00   2.8059542e-06   0.0000000e+00   0.0000000e+00   0.0000000e+00   0.0000000e+00   0.0000000e+00   0.0000000e+00   0.0000000e+00   0.0000000e+00   7.0627454e-06   0.0000000e+00   0.0000000e+00   0.0000000e+00   8.7822316e-06   0.0000000e+00   0.0000000e+00   0.0000000e+00   9.8518175e-06   0.0000000e+00   0.0000000e+00   0.0000000e+00   0.0000000e+00   1.5434242e-05   1.3970266e-05
   3.3574155e-03   1.2650699e-04   4.3956694e-03   5.1994840e-04   6.9105466e-04   3.1995936e-03   5.5383768e-03   2.0676613e-03   3.6527099e-04   1.0779773e-02   4.1846708e-02   7.4665038e-03   1.1691576e-03   4.3211594e-03   7.2189588e-04   2.8911871e-04   4.5745526e-02   6.7278748e-03   3.9001321e-02   8.8387866e-03   1.8310299e-02   1.2712650e-04   2.3574055e-02   1.4354222e-03   9.9878036e-05   5.8495085e-03   5.2424277e-03   5.3134775e-03   4.8872518e-02   1.2181259e-02   1.3675295e-04   9.2522887e-03   2.2260375e-02   0.0000000e+00   1.8429099e-05   7.5441125e-05   9.6686354e-06   2.1965897e-05   1.4836957e-05   2.9489972e-04   1.5073224e-05   1.1536503e-04   2.7691772e-04   3.0534027e-05   3.2933125e-04   3.4249842e-04   1.0565830e-04   5.5239524e-05   2.7427902e-04   5.5810612e-05   3.7501181e-05   4.7236643e-05   4.8264557e-05   9.5823099e-05   2.3598217e-05   9.7667838e-05   3.3129407e-06   6.6441389e-04   0.0000000e+00   7.2789471e-05   3.7506774e-04   1.5756599e-04   3.5101897e-04   4.5618024e-05   3.6882214e-05   1.0712830e-04   1.1266717e-05   1.4894675e-03
   0.0000000e+00   0.0000000e+00   0.0000000e+00   2.4206237e-05   0.0000000e+00   7.6415790e-05   3.7667011e-05   7.0730892e-06   1.7465408e-05   4.1155274e-05   9.6092509e-06   3.5937889e-05   2.1985367e-06   7.4331891e-06   0.0000000e+00   0.0000000e+00   0.0000000e+00   1.5458937e-05   0.0000000e+00   1.0431186e-04   0.0000000e+00   0.0000000e+00   0.0000000e+00   1.3449473e-04   0.0000000e+00   0.0000000e+00   0.0000000e+00   2.3884716e-05   2.7242976e-05   0.0000000e+00   0.0000000e+00   0.0000000e+00   0.0000000e+00   1.8429099e-05   0.0000000e+00   0.0000000e+00   1.0282771e-03   4.4339581e-05   2.5309765e-05   6.7474946e-04   1.8627972e-02   6.3901591e-03   2.0028705e-05   2.3962783e-03   1.5113865e-03   6.9358011e-04   7.0778250e-05   4.4864365e-02   4.4107678e-05   4.9945207e-05   1.3004624e-03   9.3958047e-04   1.3192210e-03   8.8340153e-04   5.8516128e-04   0.0000000e+00   1.0686690e-03   1.2083518e-04   2.7119674e-06   3.5396347e-04   6.1626907e-05   1.0792583e-03   3.6464385e-02   1.8809326e-02   3.5407238e-04   4.7574814e-04   6.8437967e-04   4.8434967e-03
   0.0000000e+00   7.4140515e-02   3.6764736e-05   5.0022395e-05   0.0000000e+00   5.3498537e-06   0.0000000e+00   0.0000000e+00   1.3228716e-03   0.0000000e+00   4.3268124e-05   1.7648263e-06   1.5226800e-03   0.0000000e+00   0.0000000e+00   1.8972353e-04   3.7999874e-05   0.0000000e+00   5.3781529e-05   0.0000000e+00   0.0000000e+00   8.2399315e-03   0.0000000e+00   5.4689870e-04   2.0626922e-02   1.7498306e-03   1.0124869e-02   1.7358670e-06   0.0000000e+00   0.0000000e+00   1.5077109e-04   0.0000000e+00   0.0000000e+00   7.5441125e-05   0.0000000e+00   0.0000000e+00   3.8085605e-06   2.3764708e-04   3.1065645e-05   1.6381077e-05   1.9367571e-06   5.6049381e-06   1.6732169e-02   2.6848376e-06   2.1947197e-05   1.0118250e-04   2.3154358e-03   0.0000000e+00   3.9566344e-05   1.1250079e-03   6.4445877e-06   0.0000000e+00   2.8864282e-05   5.4138751e-05   1.0033074e-05   3.2770383e-02   1.6995252e-05   6.9872749e-03   2.8874819e-02   4.9069191e-04   3.0677217e-02   2.1108703e-05   1.2168559e-06   3.5403839e-06   2.7640344e-05   1.3441687e-04   0.0000000e+00   8.3555588e-05
